.Random.seed <-
c(403L, 10L, -1870212572L, -1311118105L, 1408434493L, 1870132660L, 
333752858L, 835113317L, -994689025L, -1906960762L, 931687952L, 
-1848822605L, 675630929L, -726179072L, 1267235294L, -2033769943L, 
830558683L, 1027161834L, 1160809612L, 675640271L, 1581714309L, 
2107992124L, 1602775314L, 983875085L, 934227271L, -706533586L, 
-1791108472L, 1712212875L, -891188375L, 190563640L, 448776166L, 
995630977L, -1637845229L, 270966978L, -471712908L, 1349306231L, 
-811065235L, -460357884L, 2020556330L, 2145874837L, -570304465L, 
1101033782L, -611151520L, 884551587L, 636639425L, 1718159536L, 
-870869042L, 1127484217L, 400327499L, -245696262L, 1888788988L, 
634339903L, 1706100501L, 2074686508L, -1543992062L, 1261577693L, 
-1873488681L, -936566850L, 1754429944L, 428654043L, -1155869639L, 
1668502920L, 1113178422L, 843692913L, 1646344611L, -5798670L, 
406796356L, -1880057081L, -128681251L, -202677292L, 821863162L, 
1069545029L, 551997087L, -20745178L, -656826192L, 9427283L, -330775439L, 
-1972012640L, 719566142L, -967748535L, -1184308997L, 1949305034L, 
-927740372L, -1626279377L, -302880027L, -1692897380L, -639038990L, 
621077613L, 2018674087L, 1236332494L, -21336792L, -210170069L, 
299824457L, 738376280L, -18550010L, 702586593L, -1902232973L, 
234013410L, -1733255596L, -881809577L, -188540083L, -325177628L, 
-1534431542L, 227815221L, -1205172849L, 1543791254L, -2129069504L, 
-1931261181L, 1333992225L, 505732112L, 1388956654L, -1923556455L, 
274826283L, 224829722L, 1125290972L, -1891330593L, 485171637L, 
353038156L, -1025047134L, 1456440573L, 1263094263L, 625739550L, 
-616760872L, -927165637L, -1863691047L, -975693720L, 50949526L, 
-1657522927L, -1721010493L, -1881909550L, 365006692L, -72715609L, 
1115134973L, 388795892L, 1507019482L, 1536019493L, 1230922047L, 
670783174L, 2014100304L, 2129978227L, -546368111L, 1231927232L, 
-2046066274L, 2141645673L, 522411931L, -31037782L, -1517350708L, 
1701417359L, -567581243L, -646829700L, 456415698L, -799423155L, 
801429511L, -1968310290L, -1007616312L, -1119850037L, -1319402455L, 
1073246840L, -1227391066L, -511985215L, -441201069L, -1041513214L, 
1402938420L, 951678391L, 1539824045L, -2049246524L, -2028626198L, 
-325324459L, -247666961L, -773368586L, 1339122720L, -21555741L, 
1949009537L, -1197461264L, 288206734L, 1677828345L, 1570523787L, 
-1001305414L, -177822276L, -561672449L, -761527723L, 2063414636L, 
-1192739390L, -1240220131L, -2057746793L, -775499778L, -866255944L, 
-1296222309L, 1781300729L, 2069511496L, 35780726L, 412337585L, 
-1971041309L, 289577138L, 708588804L, -2077845945L, 1340358941L, 
603377556L, 886584122L, -1577877627L, -665220001L, -756201754L, 
1855057264L, 1480545939L, -1053241551L, 1691325920L, 681816702L, 
-585219831L, -1484479685L, -2105386230L, -1464569108L, -1984516241L, 
-2086047579L, 448838236L, 1339030066L, 739324205L, 681621479L, 
287055630L, -996945688L, 1300480747L, 2063534985L, 34502424L, 
647133766L, -1429767519L, -1653146317L, -1635441502L, 1590905748L, 
-102141417L, 2097640973L, -706109660L, 651752760L, 933419738L, 
-270428272L, 872780540L, -253075564L, -1360357310L, 523062528L, 
1688792124L, 1897266512L, 856746146L, 682493768L, 1612846860L, 
1378024156L, 1813005138L, -107724160L, 820979796L, -1795146776L, 
1598715642L, -536467120L, 1965179692L, -620038284L, 631698322L, 
501667424L, -2134982772L, -195304608L, -1592129566L, -1722880088L, 
459660492L, -2006823428L, -1669051470L, -313021968L, -1103476284L, 
-1615679144L, -157276806L, 625144240L, 551997372L, -1078013868L, 
-1459452990L, -840932320L, -84677444L, -1042257328L, 2041794530L, 
-1173424536L, -2096575924L, -882654980L, 705490930L, 1786199296L, 
1686345588L, -2044436472L, 741078458L, -524829232L, -1506901012L, 
-937386092L, -1817293870L, 434911072L, 918173004L, -1101357792L, 
-826993790L, -1999009048L, 958821612L, -65291716L, 1645615986L, 
2098416240L, 512116772L, 1802237752L, -1775518566L, 357151440L, 
884515004L, -2039601516L, 1491592834L, 936926400L, -1367543492L, 
-1600847728L, -1602627038L, 1934603784L, 847450380L, 246801052L, 
-449757678L, -838144640L, -611357164L, 503277096L, -734161606L, 
427681744L, -1560264084L, -313866444L, 1188754066L, -1473087136L, 
-809737908L, 917290976L, 1204842402L, -1217333336L, -966567028L, 
-1605183812L, -767288462L, -1684010768L, -959522748L, 1220869464L, 
-658111430L, 398238576L, -625933252L, -798639340L, -1085765182L, 
-1250160416L, -2016475268L, 1709584080L, 1282582178L, -1415904216L, 
1523812620L, 18834364L, 215543090L, -2021228608L, 799633972L, 
1754827720L, 1460896954L, -1752256624L, -1427577364L, -1934647212L, 
1442197138L, -2102502624L, -432775732L, 1709198304L, -938585406L, 
366209576L, 1737793196L, 1328755388L, -2043526670L, 1337149744L, 
743668900L, 1718563512L, 2090044250L, -1945834096L, 1984913788L, 
-76997356L, 1282173250L, -988822784L, 65616828L, -121869488L, 
-584982238L, -1069609656L, -218908660L, -1712662436L, 2002277586L, 
307062784L, -175117484L, -1521937944L, -28604422L, 992724688L, 
1514247468L, 988641524L, 678410130L, 455257184L, -1527976692L, 
1980237536L, -1633186462L, -1536720216L, -138810804L, 560457596L, 
-235689166L, 2063298160L, 838622532L, -235721768L, 28262522L, 
330847792L, -1870144836L, 612128596L, -1505625534L, 247356320L, 
2053683388L, 890909136L, 1480541538L, 2145313768L, 1519069132L, 
-327063812L, 850825202L, 1805237376L, -686733068L, 433099912L, 
-1345800902L, -2107440304L, -374395796L, 1818751124L, -419313326L, 
120807136L, -2039373620L, 707500192L, 420403586L, -71272216L, 
1686399212L, -1440880580L, -996155278L, -1759123344L, 1936187940L, 
1387905592L, 1480260122L, -1659084592L, 1066501692L, 96898196L, 
-1307130750L, 2062051264L, 1691417916L, -720499056L, -851975134L, 
-441495544L, 645045388L, 801116188L, -1043319662L, 244378752L, 
-1757887468L, 793707304L, -1937157062L, -1594856240L, 945837164L, 
-2063669580L, 896692242L, -1779286048L, -1279874100L, -1612505632L, 
450681890L, -1118526168L, 1736218892L, 586092092L, -1207831310L, 
304023792L, 1245398852L, 866717784L, 194314810L, 1535505648L, 
322341006L, -1531411781L, -2141906275L, -2033795510L, -1249033112L, 
1545280593L, 1277650755L, -1876139452L, 1714540786L, -504128313L, 
1630176913L, -492414954L, 713663092L, -1740212987L, -778343601L, 
-1426758328L, -1076127514L, -1703571949L, -1893715595L, -1530215086L, 
-268860000L, -1976175479L, 120419515L, 1988593420L, -491950438L, 
1317917711L, -1584361383L, -1796088594L, -921282692L, 744309741L, 
-157782889L, 1895610208L, -954323138L, 1258590219L, 989468813L, 
-1916165702L, -1767297032L, 802507681L, -634280621L, 415669364L, 
-760484350L, -1388781417L, -1605864863L, 959793830L, -564391260L, 
-1490700459L, 1780153343L, -1886819688L, -254636106L, -2004097981L, 
-1310114427L, 1252009506L, -2002592496L, 43322553L, 1963602283L, 
-952180644L, -1053684342L, 1896077695L, -1543011127L, -1568196258L, 
-1116227060L, -458211875L, 1878123751L, -680230640L, 1641799726L, 
1483183835L, 1830940605L, -133281494L, -1420714552L, -1308105999L, 
1625926755L, 2074916964L, -412732526L, 321493095L, 325658673L, 
-1197131402L, 1543751316L, 1670302885L, -1198714449L, 1281722984L, 
601027142L, 1648515059L, 485877589L, 746379570L, -1577636608L, 
-1660981783L, -1374848933L, 1644833452L, 475813050L, -1797073297L, 
-613334023L, 415066766L, -848729252L, 873973709L, -1766381769L, 
117650880L, 1910512286L, 1272320875L, 712133357L, 697483098L, 
-273681384L, 1280364929L, -963991757L, 92167508L, 706811746L, 
-1353503753L, -2094279615L, -1555169082L, 627387908L, -330643019L, 
-919619937L, -802236680L, 271784662L, -1497067677L, -987744475L, 
530984130L, -834811472L, -1535262247L, -1106456757L, 454665660L, 
2061227498L, 1992880671L, 856070313L, -1667100610L, 1551655212L, 
1315883901L, 1846149575L, -967756624L, 22553294L, -419489797L, 
-168009635L, -162650230L, -3496024L, -684667631L, -1276914685L, 
-706928892L, -1546652878L, 1989759367L, -2024925231L, 629021014L, 
-1441622220L, -1491649979L, 1632781967L, 1600376840L, -1848249306L, 
